 Column  1: Time since ignition, seconds
         2: Intensity  (kW/m2)
         3: Emission  PM 2.5   (g/m2)
         4: Emission   PM 10   (g/m2)
         5: Emission     CH4   (g/m2)
         6: Emission     CO2   (g/m2)
         7: Emission      CO   (g/m2)
         8: Emission     NOX   (g/m2)
         9: Emission     SO2   (g/m2)
        10: Flaming Weight     (kg/m2)
        11: Smoldering Weight  (kg/m2)
        12: Flame Weight       (T/ac)
        13: Smoldering Weight  (T/ac)

  60   290.1136    3.3743    3.9817    1.3279 1686.5607   19.0779    2.9395    0.9620    0.9186    0.0434     4.0970    0.1935
  75    82.2450    0.9091    1.0727    0.5163  124.2372   10.8230    0.1465    0.0807    0.0458    0.0349     0.2042    0.1556
  90    42.9003    1.0111    1.1931    0.6142   54.8384   13.4726    0.0000    0.0447    0.0000    0.0447     0.0000    0.1992
 105    25.0472    0.7270    0.8579    0.4417   39.4315    9.6875    0.0000    0.0321    0.0000    0.0321     0.0000    0.1432
 120    22.8604    0.6850    0.8083    0.4161   37.1517    9.1274    0.0000    0.0303    0.0000    0.0303     0.0000    0.1349
 135    20.8176    0.6457    0.7620    0.3923   35.0220    8.6041    0.0000    0.0285    0.0000    0.0285     0.0000    0.1272
 150    19.4413    0.6193    0.7308    0.3762   33.5871    8.2516    0.0000    0.0273    0.0000    0.0273     0.0000    0.1220
 165    18.5235    0.6016    0.7099    0.3655   32.6303    8.0166    0.0000    0.0266    0.0000    0.0266     0.0000    0.1185
 180    17.6696    0.5852    0.6906    0.3555   31.7401    7.7978    0.0000    0.0258    0.0000    0.0258     0.0000    0.1153
 195    16.8656    0.5698    0.6723    0.3461   30.9019    7.5919    0.0000    0.0252    0.0000    0.0252     0.0000    0.1122
 210    16.0801    0.5547    0.6545    0.3370   30.0829    7.3907    0.0000    0.0245    0.0000    0.0245     0.0000    0.1092
 225    15.2990    0.5397    0.6368    0.3278   29.2687    7.1907    0.0000    0.0238    0.0000    0.0238     0.0000    0.1063
 240    14.5139    0.5246    0.6190    0.3187   28.4502    6.9896    0.0000    0.0232    0.0000    0.0232     0.0000    0.1033
 255    13.8503    0.5118    0.6039    0.3109   27.7583    6.8196    0.0000    0.0226    0.0000    0.0226     0.0000    0.1008
 270    13.0472    0.4964    0.5857    0.3015   26.9211    6.6139    0.0000    0.0219    0.0000    0.0219     0.0000    0.0978
 285    12.2471    0.4810    0.5676    0.2922   26.0869    6.4090    0.0000    0.0212    0.0000    0.0212     0.0000    0.0947
 300    11.3723    0.4642    0.5477    0.2820   25.1749    6.1849    0.0000    0.0205    0.0000    0.0205     0.0000    0.0914
 315    10.5347    0.3679    0.4342    0.2235   19.9548    4.9025    0.0000    0.0162    0.0000    0.0162     0.0000    0.0725
 330     8.1962    0.1576    0.1859    0.0957    8.5448    2.0993    0.0000    0.0070    0.0000    0.0070     0.0000    0.0310
 345     7.0462    0.1354    0.1598    0.0823    7.3460    1.8047    0.0000    0.0060    0.0000    0.0060     0.0000    0.0267
 360     6.1894    0.1186    0.1399    0.0720    6.4316    1.5801    0.0000    0.0052    0.0000    0.0052     0.0000    0.0234
 375     5.4661    0.1051    0.1240    0.0638    5.6986    1.4000    0.0000    0.0046    0.0000    0.0046     0.0000    0.0207
 390     4.8831    0.0939    0.1108    0.0570    5.0906    1.2506    0.0000    0.0041    0.0000    0.0041     0.0000    0.0185
 405     4.4457    0.0855    0.1008    0.0519    4.6348    1.1387    0.0000    0.0038    0.0000    0.0038     0.0000    0.0168
 420     4.1113    0.0790    0.0933    0.0480    4.2862    1.0530    0.0000    0.0035    0.0000    0.0035     0.0000    0.0156
 435     3.8240    0.0735    0.0867    0.0447    3.9867    0.9794    0.0000    0.0032    0.0000    0.0032     0.0000    0.0145
 450     3.5645    0.0685    0.0809    0.0416    3.7161    0.9130    0.0000    0.0030    0.0000    0.0030     0.0000    0.0135
 465     3.3239    0.0639    0.0754    0.0388    3.4653    0.8513    0.0000    0.0028    0.0000    0.0028     0.0000    0.0126
 480     3.0942    0.0595    0.0702    0.0361    3.2258    0.7925    0.0000    0.0026    0.0000    0.0026     0.0000    0.0117
 495     2.8703    0.0552    0.0651    0.0335    2.9924    0.7352    0.0000    0.0024    0.0000    0.0024     0.0000    0.0109
 510     2.6478    0.0509    0.0601    0.0309    2.7605    0.6782    0.0000    0.0022    0.0000    0.0022     0.0000    0.0100
 525     2.4221    0.0466    0.0549    0.0283    2.5252    0.6204    0.0000    0.0021    0.0000    0.0021     0.0000    0.0092
 540     2.2227    0.0427    0.0504    0.0260    2.3172    0.5693    0.0000    0.0019    0.0000    0.0019     0.0000    0.0084
 555     2.1400    0.0411    0.0485    0.0250    2.2310    0.5481    0.0000    0.0018    0.0000    0.0018     0.0000    0.0081
 570     2.0581    0.0396    0.0467    0.0240    2.1457    0.5272    0.0000    0.0017    0.0000    0.0017     0.0000    0.0078
 585     1.9801    0.0381    0.0449    0.0231    2.0643    0.5072    0.0000    0.0017    0.0000    0.0017     0.0000    0.0075
 600     1.9020    0.0366    0.0431    0.0222    1.9830    0.4872    0.0000    0.0016    0.0000    0.0016     0.0000    0.0072
 615     1.4234    0.0274    0.0323    0.0166    1.4840    0.3646    0.0000    0.0012    0.0000    0.0012     0.0000    0.0054
 630     1.2282    0.0236    0.0279    0.0143    1.2805    0.3146    0.0000    0.0010    0.0000    0.0010     0.0000    0.0047
 645     1.0924    0.0210    0.0248    0.0128    1.1389    0.2798    0.0000    0.0009    0.0000    0.0009     0.0000    0.0041
 660     0.9701    0.0186    0.0220    0.0113    1.0114    0.2485    0.0000    0.0008    0.0000    0.0008     0.0000    0.0037
 675     0.8568    0.0165    0.0194    0.0100    0.8933    0.2195    0.0000    0.0007    0.0000    0.0007     0.0000    0.0032
 690     0.7557    0.0145    0.0171    0.0088    0.7879    0.1936    0.0000    0.0006    0.0000    0.0006     0.0000    0.0029
 705     0.6706    0.0129    0.0152    0.0078    0.6992    0.1718    0.0000    0.0006    0.0000    0.0006     0.0000    0.0025
 720     0.5985    0.0115    0.0136    0.0070    0.6240    0.1533    0.0000    0.0005    0.0000    0.0005     0.0000    0.0023
 735     0.5326    0.0102    0.0121    0.0062    0.5552    0.1364    0.0000    0.0005    0.0000    0.0005     0.0000    0.0020
 750     0.4704    0.0090    0.0107    0.0055    0.4904    0.1205    0.0000    0.0004    0.0000    0.0004     0.0000    0.0018
 765     0.4114    0.0079    0.0093    0.0048    0.4289    0.1054    0.0000    0.0003    0.0000    0.0003     0.0000    0.0016
 780     0.3541    0.0068    0.0080    0.0041    0.3692    0.0907    0.0000    0.0003    0.0000    0.0003     0.0000    0.0013
 795     0.2970    0.0057    0.0067    0.0035    0.3097    0.0761    0.0000    0.0003    0.0000    0.0003     0.0000    0.0011
 810     0.2394    0.0046    0.0054    0.0028    0.2495    0.0613    0.0000    0.0002    0.0000    0.0002     0.0000    0.0009
 825     0.1909    0.0037    0.0043    0.0022    0.1990    0.0489    0.0000    0.0002    0.0000    0.0002     0.0000    0.0007
 840     0.1771    0.0034    0.0040    0.0021    0.1846    0.0454    0.0000    0.0002    0.0000    0.0002     0.0000    0.0007
 855     0.1641    0.0032    0.0037    0.0019    0.1711    0.0420    0.0000    0.0001    0.0000    0.0001     0.0000    0.0006
 870     0.1513    0.0029    0.0034    0.0018    0.1577    0.0388    0.0000    0.0001    0.0000    0.0001     0.0000    0.0006
 885     0.1388    0.0027    0.0031    0.0016    0.1447    0.0356    0.0000    0.0001    0.0000    0.0001     0.0000    0.0005
 900     0.1268    0.0024    0.0029    0.0015    0.1322    0.0325    0.0000    0.0001    0.0000    0.0001     0.0000    0.0005
 915     0.1149    0.0022    0.0026    0.0013    0.1198    0.0294    0.0000    0.0001    0.0000    0.0001     0.0000    0.0004
 930     0.1035    0.0020    0.0023    0.0012    0.1080    0.0265    0.0000    0.0001    0.0000    0.0001     0.0000    0.0004
 945     0.0926    0.0018    0.0021    0.0011    0.0966    0.0237    0.0000    0.0001    0.0000    0.0001     0.0000    0.0004
