Column 1 - Time in minutes
Column 2 - Surface temperature in celcius
Column 3 - temperature 1 centimeter from surface
Column 4->15 - subsequent layer temperatures

  Time  Surf  1-Cm  2-Cm  3-Cm  4-Cm  5-Cm  6-Cm  7-Cm  8-Cm  9-Cm  10-Cm 11-Cm 12-Cm 13-Cm
   0.0  27.0  21.2  21.0  21.0  21.0  21.0  21.0  21.0  21.0  21.0  21.0  21.0  21.0  21.0
   0.2  29.3  21.4  21.0  21.0  21.0  21.0  21.0  21.0  21.0  21.0  21.0  21.0  21.0  21.0
   0.3  38.1  21.9  21.0  21.0  21.0  21.0  21.0  21.0  21.0  21.0  21.0  21.0  21.0  21.0
   0.5  48.7  22.8  21.1  21.0  21.0  21.0  21.0  21.0  21.0  21.0  21.0  21.0  21.0  21.0
   0.7  53.3  23.9  21.2  21.0  21.0  21.0  21.0  21.0  21.0  21.0  21.0  21.0  21.0  21.0
   0.8  62.2  25.6  21.3  21.0  21.0  21.0  21.0  21.0  21.0  21.0  21.0  21.0  21.0  21.0
   1.0  41.0  26.4  21.4  21.0  21.0  21.0  21.0  21.0  21.0  21.0  21.0  21.0  21.0  21.0
   1.2  38.0  26.5  21.6  21.0  21.0  21.0  21.0  21.0  21.0  21.0  21.0  21.0  21.0  21.0
   1.3  35.5  26.6  21.7  21.1  21.0  21.0  21.0  21.0  21.0  21.0  21.0  21.0  21.0  21.0
   1.5  33.3  26.7  21.8  21.1  21.0  21.0  21.0  21.0  21.0  21.0  21.0  21.0  21.0  21.0
   1.7  31.4  26.7  21.9  21.1  21.0  21.0  21.0  21.0  21.0  21.0  21.0  21.0  21.0  21.0
   1.8  29.8  26.6  22.1  21.1  21.0  21.0  21.0  21.0  21.0  21.0  21.0  21.0  21.0  21.0
   2.0  28.4  26.5  22.2  21.2  21.0  21.0  21.0  21.0  21.0  21.0  21.0  21.0  21.0  21.0
   2.2  27.2  26.4  22.3  21.2  21.0  21.0  21.0  21.0  21.0  21.0  21.0  21.0  21.0  21.0
   2.3  26.2  26.3  22.3  21.2  21.0  21.0  21.0  21.0  21.0  21.0  21.0  21.0  21.0  21.0
   2.5  25.2  26.2  22.4  21.2  21.0  21.0  21.0  21.0  21.0  21.0  21.0  21.0  21.0  21.0
   2.7  24.4  26.0  22.5  21.3  21.0  21.0  21.0  21.0  21.0  21.0  21.0  21.0  21.0  21.0
   2.8  23.7  25.8  22.6  21.3  21.0  21.0  21.0  21.0  21.0  21.0  21.0  21.0  21.0  21.0
   3.0  23.1  25.7  22.6  21.3  21.1  21.0  21.0  21.0  21.0  21.0  21.0  21.0  21.0  21.0
   3.2  22.5  25.5  22.7  21.4  21.1  21.0  21.0  21.0  21.0  21.0  21.0  21.0  21.0  21.0
   3.3  22.0  25.3  22.7  21.4  21.1  21.0  21.0  21.0  21.0  21.0  21.0  21.0  21.0  21.0
   3.5  21.5  25.1  22.7  21.4  21.1  21.0  21.0  21.0  21.0  21.0  21.0  21.0  21.0  21.0
   3.7  21.1  25.0  22.8  21.5  21.1  21.0  21.0  21.0  21.0  21.0  21.0  21.0  21.0  21.0
   3.8  20.7  24.8  22.8  21.5  21.1  21.0  21.0  21.0  21.0  21.0  21.0  21.0  21.0  21.0
   4.0  20.4  24.6  22.8  21.5  21.1  21.0  21.0  21.0  21.0  21.0  21.0  21.0  21.0  21.0
   4.2  20.1  24.5  22.8  21.5  21.1  21.0  21.0  21.0  21.0  21.0  21.0  21.0  21.0  21.0
   4.3  19.8  24.3  22.8  21.6  21.1  21.0  21.0  21.0  21.0  21.0  21.0  21.0  21.0  21.0
   4.5  19.5  24.1  22.8  21.6  21.1  21.0  21.0  21.0  21.0  21.0  21.0  21.0  21.0  21.0
   4.7  19.3  24.0  22.8  21.6  21.1  21.0  21.0  21.0  21.0  21.0  21.0  21.0  21.0  21.0
   4.8  19.1  23.8  22.8  21.6  21.2  21.0  21.0  21.0  21.0  21.0  21.0  21.0  21.0  21.0
   5.0  18.9  23.6  22.8  21.6  21.2  21.0  21.0  21.0  21.0  21.0  21.0  21.0  21.0  21.0
   5.2  18.7  23.5  22.8  21.7  21.2  21.0  21.0  21.0  21.0  21.0  21.0  21.0  21.0  21.0
   5.3  18.5  23.3  22.8  21.7  21.2  21.0  21.0  21.0  21.0  21.0  21.0  21.0  21.0  21.0
   5.5  18.3  23.2  22.8  21.7  21.2  21.0  21.0  21.0  21.0  21.0  21.0  21.0  21.0  21.0
   5.7  18.2  23.1  22.7  21.7  21.2  21.0  21.0  21.0  21.0  21.0  21.0  21.0  21.0  21.0
   5.8  18.0  22.9  22.7  21.7  21.2  21.1  21.0  21.0  21.0  21.0  21.0  21.0  21.0  21.0
   6.0  17.9  22.8  22.7  21.7  21.2  21.1  21.0  21.0  21.0  21.0  21.0  21.0  21.0  21.0
   6.2  17.7  22.7  22.7  21.8  21.2  21.1  21.0  21.0  21.0  21.0  21.0  21.0  21.0  21.0
   6.3  17.6  22.5  22.6  21.8  21.3  21.1  21.0  21.0  21.0  21.0  21.0  21.0  21.0  21.0
   6.5  17.5  22.4  22.6  21.8  21.3  21.1  21.0  21.0  21.0  21.0  21.0  21.0  21.0  21.0
   6.7  17.4  22.3  22.6  21.8  21.3  21.1  21.0  21.0  21.0  21.0  21.0  21.0  21.0  21.0
   6.8  17.3  22.2  22.5  21.8  21.3  21.1  21.0  21.0  21.0  21.0  21.0  21.0  21.0  21.0
   7.0  17.2  22.0  22.5  21.8  21.3  21.1  21.0  21.0  21.0  21.0  21.0  21.0  21.0  21.0
   7.2  17.1  21.9  22.5  21.8  21.3  21.1  21.0  21.0  21.0  21.0  21.0  21.0  21.0  21.0
   7.3  17.0  21.8  22.4  21.8  21.3  21.1  21.0  21.0  21.0  21.0  21.0  21.0  21.0  21.0
   7.5  16.9  21.7  22.4  21.8  21.3  21.1  21.0  21.0  21.0  21.0  21.0  21.0  21.0  21.0
   7.7  16.9  21.6  22.3  21.8  21.3  21.1  21.0  21.0  21.0  21.0  21.0  21.0  21.0  21.0
   7.8  16.8  21.5  22.3  21.8  21.3  21.1  21.0  21.0  21.0  21.0  21.0  21.0  21.0  21.0
   8.0  16.7  21.4  22.3  21.8  21.3  21.1  21.0  21.0  21.0  21.0  21.0  21.0  21.0  21.0
   8.2  16.6  21.3  22.2  21.8  21.3  21.1  21.0  21.0  21.0  21.0  21.0  21.0  21.0  21.0
   8.3  16.6  21.2  22.2  21.8  21.4  21.1  21.0  21.0  21.0  21.0  21.0  21.0  21.0  21.0
   8.5  16.5  21.1  22.1  21.8  21.4  21.1  21.0  21.0  21.0  21.0  21.0  21.0  21.0  21.0
   8.7  16.4  21.0  22.1  21.8  21.4  21.1  21.0  21.0  21.0  21.0  21.0  21.0  21.0  21.0
   8.8  16.4  20.9  22.1  21.8  21.4  21.1  21.0  21.0  21.0  21.0  21.0  21.0  21.0  21.0
   9.0  16.3  20.9  22.0  21.8  21.4  21.1  21.0  21.0  21.0  21.0  21.0  21.0  21.0  21.0
   9.2  16.2  20.8  22.0  21.8  21.4  21.1  21.0  21.0  21.0  21.0  21.0  21.0  21.0  21.0
   9.3  16.2  20.7  21.9  21.8  21.4  21.1  21.0  21.0  21.0  21.0  21.0  21.0  21.0  21.0
   9.5  16.1  20.6  21.9  21.8  21.4  21.1  21.0  21.0  21.0  21.0  21.0  21.0  21.0  21.0
   9.7  16.1  20.5  21.8  21.8  21.4  21.2  21.0  21.0  21.0  21.0  21.0  21.0  21.0  21.0
   9.8  16.0  20.5  21.8  21.7  21.4  21.2  21.1  21.0  21.0  21.0  21.0  21.0  21.0  21.0
  10.0  16.0  20.4  21.8  21.7  21.4  21.2  21.1  21.0  21.0  21.0  21.0  21.0  21.0  21.0
  10.2  15.9  20.3  21.7  21.7  21.4  21.2  21.1  21.0  21.0  21.0  21.0  21.0  21.0  21.0
  10.3  15.9  20.2  21.7  21.7  21.4  21.2  21.1  21.0  21.0  21.0  21.0  21.0  21.0  21.0
  10.5  15.8  20.2  21.6  21.7  21.4  21.2  21.1  21.0  21.0  21.0  21.0  21.0  21.0  21.0
  10.7  15.8  20.1  21.6  21.7  21.4  21.2  21.1  21.0  21.0  21.0  21.0  21.0  21.0  21.0
  10.8  15.7  20.0  21.5  21.7  21.4  21.2  21.1  21.0  21.0  21.0  21.0  21.0  21.0  21.0
  11.0  15.7  20.0  21.5  21.7  21.4  21.2  21.1  21.0  21.0  21.0  21.0  21.0  21.0  21.0
  11.2  15.7  19.9  21.5  21.7  21.4  21.2  21.1  21.0  21.0  21.0  21.0  21.0  21.0  21.0
  11.3  15.6  19.8  21.4  21.6  21.4  21.2  21.1  21.0  21.0  21.0  21.0  21.0  21.0  21.0
  11.5  15.6  19.8  21.4  21.6  21.4  21.2  21.1  21.0  21.0  21.0  21.0  21.0  21.0  21.0
  11.7  15.5  19.7  21.3  21.6  21.4  21.2  21.1  21.0  21.0  21.0  21.0  21.0  21.0  21.0
  11.8  15.5  19.7  21.3  21.6  21.4  21.2  21.1  21.0  21.0  21.0  21.0  21.0  21.0  21.0
  12.0  15.5  19.6  21.3  21.6  21.4  21.2  21.1  21.0  21.0  21.0  21.0  21.0  21.0  21.0
  12.2  15.4  19.5  21.2  21.6  21.4  21.2  21.1  21.0  21.0  21.0  21.0  21.0  21.0  21.0
  12.3  15.4  19.5  21.2  21.6  21.4  21.2  21.1  21.0  21.0  21.0  21.0  21.0  21.0  21.0
  12.5  15.4  19.4  21.1  21.5  21.4  21.2  21.1  21.0  21.0  21.0  21.0  21.0  21.0  21.0
  12.7  15.3  19.4  21.1  21.5  21.4  21.2  21.1  21.0  21.0  21.0  21.0  21.0  21.0  21.0
  12.8  15.3  19.3  21.1  21.5  21.4  21.2  21.1  21.0  21.0  21.0  21.0  21.0  21.0  21.0
  13.0  15.3  19.3  21.0  21.5  21.4  21.2  21.1  21.0  21.0  21.0  21.0  21.0  21.0  21.0
  13.2  15.2  19.2  21.0  21.5  21.4  21.2  21.1  21.0  21.0  21.0  21.0  21.0  21.0  21.0
  13.3  15.2  19.2  20.9  21.4  21.4  21.2  21.1  21.0  21.0  21.0  21.0  21.0  21.0  21.0
  13.5  15.2  19.1  20.9  21.4  21.4  21.2  21.1  21.0  21.0  21.0  21.0  21.0  21.0  21.0
  13.7  15.1  19.1  20.9  21.4  21.4  21.2  21.1  21.0  21.0  21.0  21.0  21.0  21.0  21.0
  13.8  15.1  19.0  20.8  21.4  21.4  21.2  21.1  21.0  21.0  21.0  21.0  21.0  21.0  21.0
  14.0  15.1  19.0  20.8  21.4  21.4  21.2  21.1  21.0  21.0  21.0  21.0  21.0  21.0  21.0
  14.2  15.0  18.9  20.7  21.4  21.4  21.2  21.1  21.0  21.0  21.0  21.0  21.0  21.0  21.0
  14.3  15.0  18.9  20.7  21.3  21.4  21.2  21.1  21.0  21.0  21.0  21.0  21.0  21.0  21.0
  14.5  15.0  18.8  20.7  21.3  21.4  21.2  21.1  21.0  21.0  21.0  21.0  21.0  21.0  21.0
  14.7  15.0  18.8  20.6  21.3  21.4  21.2  21.1  21.0  21.0  21.0  21.0  21.0  21.0  21.0
  14.8  14.9  18.8  20.6  21.3  21.3  21.2  21.1  21.0  21.0  21.0  21.0  21.0  21.0  21.0
  15.0  14.9  18.7  20.6  21.3  21.3  21.2  21.1  21.0  21.0  21.0  21.0  21.0  21.0  21.0
  15.2  14.9  18.7  20.5  21.2  21.3  21.2  21.1  21.0  21.0  21.0  21.0  21.0  21.0  21.0
  15.3  14.9  18.6  20.5  21.2  21.3  21.2  21.1  21.0  21.0  21.0  21.0  21.0  21.0  21.0
  15.5  14.8  18.6  20.5  21.2  21.3  21.2  21.1  21.0  21.0  21.0  21.0  21.0  21.0  21.0
  15.7  14.8  18.5  20.4  21.2  21.3  21.2  21.1  21.1  21.0  21.0  21.0  21.0  21.0  21.0
  15.8  14.8  18.5  20.4  21.2  21.3  21.2  21.1  21.1  21.0  21.0  21.0  21.0  21.0  21.0
  16.0  14.8  18.5  20.4  21.1  21.3  21.2  21.1  21.1  21.0  21.0  21.0  21.0  21.0  21.0
  16.2  14.7  18.4  20.3  21.1  21.3  21.2  21.1  21.1  21.0  21.0  21.0  21.0  21.0  21.0
  16.3  14.7  18.4  20.3  21.1  21.3  21.2  21.1  21.1  21.0  21.0  21.0  21.0  21.0  21.0
  16.5  14.7  18.4  20.3  21.1  21.3  21.2  21.1  21.1  21.0  21.0  21.0  21.0  21.0  21.0
  16.7  14.7  18.3  20.2  21.1  21.3  21.2  21.1  21.1  21.0  21.0  21.0  21.0  21.0  21.0
  16.8  14.7  18.3  20.2  21.0  21.3  21.2  21.1  21.1  21.0  21.0  21.0  21.0  21.0  21.0
  17.0  14.6  18.2  20.2  21.0  21.3  21.2  21.1  21.1  21.0  21.0  21.0  21.0  21.0  21.0
  17.2  14.6  18.2  20.1  21.0  21.2  21.2  21.1  21.1  21.0  21.0  21.0  21.0  21.0  21.0
  17.3  14.6  18.2  20.1  21.0  21.2  21.2  21.1  21.1  21.0  21.0  21.0  21.0  21.0  21.0
  17.5  14.6  18.1  20.1  21.0  21.2  21.2  21.1  21.1  21.0  21.0  21.0  21.0  21.0  21.0
  17.7  14.6  18.1  20.0  21.0  21.2  21.2  21.1  21.1  21.0  21.0  21.0  21.0  21.0  21.0
  17.8  14.5  18.1  20.0  20.9  21.2  21.2  21.1  21.1  21.0  21.0  21.0  21.0  21.0  21.0
  18.0  14.5  18.0  20.0  20.9  21.2  21.2  21.1  21.1  21.0  21.0  21.0  21.0  21.0  21.0
  18.2  14.5  18.0  19.9  20.9  21.2  21.2  21.1  21.1  21.0  21.0  21.0  21.0  21.0  21.0
  18.3  14.5  18.0  19.9  20.9  21.2  21.2  21.1  21.1  21.0  21.0  21.0  21.0  21.0  21.0
  18.5  14.5  17.9  19.9  20.9  21.2  21.2  21.1  21.1  21.0  21.0  21.0  21.0  21.0  21.0
  18.7  14.5  17.9  19.9  20.8  21.2  21.2  21.1  21.1  21.0  21.0  21.0  21.0  21.0  21.0
  18.8  14.4  17.9  19.8  20.8  21.2  21.2  21.1  21.1  21.0  21.0  21.0  21.0  21.0  21.0
  19.0  14.4  17.9  19.8  20.8  21.1  21.2  21.1  21.1  21.0  21.0  21.0  21.0  21.0  21.0
  19.2  14.4  17.8  19.8  20.8  21.1  21.2  21.1  21.1  21.0  21.0  21.0  21.0  21.0  21.0
  19.3  14.4  17.8  19.7  20.8  21.1  21.2  21.1  21.1  21.0  21.0  21.0  21.0  21.0  21.0
  19.5  14.4  17.8  19.7  20.7  21.1  21.2  21.1  21.1  21.0  21.0  21.0  21.0  21.0  21.0
  19.7  14.3  17.7  19.7  20.7  21.1  21.2  21.1  21.1  21.0  21.0  21.0  21.0  21.0  21.0
  19.8  14.3  17.7  19.7  20.7  21.1  21.2  21.1  21.1  21.0  21.0  21.0  21.0  21.0  21.0
  20.0  14.3  17.7  19.6  20.7  21.1  21.2  21.1  21.1  21.0  21.0  21.0  21.0  21.0  21.0
